"state"	"1930"	"1931"	"1932"	"1933"	"1934"	"1935"	"1936"	"1937"	"1938"	"1939"	"1940"	"1941"	"1942"	"1943"	"1944"	"1945"	"1946"	"1947"	"1948"	"1949"	"1950"	"1951"	"1952"	"1953"	"1954"	"1955"	"1956"	"1957"	"1958"	"1959"	"1960"	"1961"	"1962"	"1963"	"1964"	"1965"	"1966"	"1967"	"1968"	"1969"	"1970"	"1971"	"1972"	"1973"	"1974"	"1975"	"1976"	"1977"	"1978"	"1979"	"1980"	"1981"	"1982"	"1983"	"1984"	"1985"	"1986"	"1987"	"1988"	"1989"	"1990"	"1991"	"1992"	"1993"	"1994"	"1995"	"1996"	"1997"	"1998"	"1999"	"2000"	"2001"
"ALABAMA"	2647000	2649000	2653000	2661000	2685000	2719000	2743000	2762000	2787000	2814000	2845000	2902000	2941000	2902000	2802000	2775000	2911000	2942000	2969000	3e+06	3058000	3059000	3068000	3053000	3014000	3050000	3071000	3109000	3163000	3204000	3274000	3316000	3323000	3358000	3395000	3443000	3464000	3458000	3446000	3440000	3444354	3497076	3539400	3579780	3626499	3678814	3735139	3780403	3831836	3866248	3893888	3918531	3925266	3934102	3951820	3972523	3991569	4015264	4023844	4030222	553290	570193	588736	599432	603308	604412	608569	612968	619932	624779	627963	633714
"ARIZONA"	434000	429000	426000	426000	428000	434000	443000	453000	466000	484000	499000	490000	524000	692000	610000	594000	616000	653000	690000	714000	756000	785000	842000	894000	933000	987000	1053000	1125000	1193000	1261000	1321000	1407000	1471000	1521000	1556000	1584000	1614000	1646000	1682000	1737000	1775399	1895814	2008291	2124438	2223196	2284847	2346157	2425197	2515316	2635571	2718215	2810107	2889861	2968925	3067135	3183538	3308262	3437103	3535183	3622185	2356586	2383144	2415984	2456303	2494019	2535399	2572109	2601090	2626289	2651860	2678588	2691571
"ARKANSAS"	1859000	1848000	1836000	1854000	1878000	1890000	1892000	1903000	1928000	1948000	1955000	1969000	1977000	1843000	1768000	1762000	1797000	1836000	1825000	1844000	1908000	1901000	1838000	1780000	1734000	1725000	1704000	1733000	1726000	1756000	1789000	1806000	1853000	1875000	1897000	1894000	1899000	1901000	1902000	1913000	1923322	1972312	2018638	2059256	2101403	2159526	2170161	2209010	2243127	2271333	2286435	2293201	2294257	2305761	2319768	2327046	2331984	2342355	2342656	2346358	3684097	3788576	3915740	4065440	4245089	4432499	4586940	4736990	4883342	5023823	5160586	5273477
"CALIFORNIA"	5711000	5824000	5894000	5963000	6060000	6175000	6341000	6528000	6656000	6785000	6950000	7237000	7735000	8506000	8945000	9344000	9559000	9832000	10064000	10337000	10677000	11134000	11635000	12251000	12746000	13133000	13713000	14264000	14880000	15467000	15870000	16497000	17072000	17668000	18151000	18585000	18858000	19176000	19394000	19711000	19971069	20345939	20585469	20868728	21173865	21537849	21935909	22352396	22835958	23256880	23667902	24285933	24820009	25360026	25844393	26441109	27102237	27777158	28464249	29218164	29959515	30470736	30974659	31274928	31484435	31696582	32018834	32486010	32987675	33499204	33987977	34479458
"COLORADO"	1040000	1056000	1066000	1071000	1075000	1078000	1090000	1104000	1112000	1120000	1130000	1124000	1113000	1153000	1137000	1116000	1203000	1237000	1263000	1295000	1325000	1326000	1365000	1431000	1493000	1546000	1625000	1664000	1667000	1710000	1769000	1844000	1899000	1936000	1970000	1985000	2007000	2053000	2120000	2166000	2209596	2303524	2404619	2495868	2541406	2586192	2632306	2696140	2766748	2849234	2889964	2977898	3061564	3133630	3169992	3208723	3237450	3260480	3262281	3275818	3307618	3387119	3495939	3613734	3724168	3826653	3919972	4018293	4116639	4226018	4326921	4425687
"CONNECTICUT"	1613000	1628000	1637000	1642000	1650000	1666000	1672000	1678000	1684000	1696000	1708000	1746000	1792000	1792000	1778000	1769000	1906000	1967000	2014000	2032000	2016000	2028000	2081000	2168000	2249000	2300000	2316000	2359000	2446000	2523000	2544000	2586000	2647000	2727000	2798000	2857000	2903000	2935000	2964000	3e+06	3032217	3060938	3068699	3067814	3074047	3082500	3083335	3085722	3091627	3095917	3107576	3128836	3139013	3162354	3180014	3201131	3223740	3247291	3271953	3283403	3291967	3302895	3300712	3309175	3316121	3324144	3336685	3349348	3365352	3386401	3411777	3432835
"DELAWARE"	239000	242000	245000	248000	250000	252000	253000	254000	257000	263000	269000	275000	279000	282000	285000	286000	299000	305000	312000	316000	321000	331000	341000	351000	368000	389000	408000	426000	433000	441000	449000	461000	469000	483000	497000	507000	516000	525000	534000	540000	548104	564708	572913	577759	581418	586589	590166	591829	594776	594984	594338	595975	599148	605458	611565	618280	627559	636947	647622	658273	605321	600870	597565	595301	589239	580517	572377	567736	565230	570213	572046	574504
"DISTRICT OF COLUMBIA"	488000	504000	513000	529000	568000	608000	629000	616000	638000	658000	690000	764000	851000	9e+05	881000	876000	899000	888000	840000	807000	806000	808000	805000	810000	791000	785000	759000	763000	757000	761000	765000	778000	788000	798000	798000	797000	791000	791000	778000	762000	756668	749781	742241	731488	717947	706871	692295	677228	665052	650016	638333	636893	634174	632433	633382	634549	638269	636930	630432	624168	669567	683080	694925	706378	717545	729734	740977	751487	763335	774990	786373	795699
"FLORIDA"	1471000	1493000	1521000	1552000	1585000	1613000	1651000	1709000	1771000	1836000	1915000	2017000	2151000	2451000	2420000	2465000	2440000	2528000	2578000	2668000	2810000	2980000	3157000	3310000	3505000	3747000	4047000	4372000	4630000	4808000	5004000	5243000	5458000	5628000	5781000	5954000	6104000	6242000	6433000	6641000	6791418	7158304	7511463	7913696	8298762	8518422	8667379	8856183	9102032	9426159	9746324	10192774	10471407	10749851	11039925	11351118	11667505	11997283	12306395	12637715	13033307	13369798	13650553	13927185	14239444	14537875	14853360	15186304	15486559	15759421	16047515	16356966
"GEORGIA"	2910000	2924000	2935000	2950000	2964000	2955000	2978000	3037000	3091000	3120000	3119000	3179000	3209000	3245000	3176000	3119000	3242000	3272000	3259000	3325000	3458000	3531000	3584000	3558000	3602000	3636000	3701000	3766000	3804000	3868000	3956000	4015000	4086000	4172000	4258000	4332000	4379000	4408000	4482000	4551000	4587930	4711550	4809490	4910374	4999419	5064075	5132812	5219697	5295751	5401384	5463105	5568345	5649792	5728250	5834954	5962661	6084666	6208467	6316142	6411099	6512602	6653005	6817203	6978240	7157165	7328413	7501069	7685099	7863536	8045965	8227303	8377038
"IDAHO"	447000	454000	459000	464000	473000	481000	495000	507000	513000	521000	522000	501000	478000	5e+05	529000	507000	509000	522000	551000	570000	590000	589000	587000	596000	6e+05	618000	628000	642000	646000	657000	671000	684000	692000	683000	680000	686000	689000	688000	695000	707000	713015	738753	763237	782074	807990	831982	856983	883469	910690	932627	943935	962204	973721	981869	990839	994051	990224	984997	985664	994416	11453316	11568964	11694184	11809579	11912585	12008437	12101997	12185715	12271847	12359020	12434161	12488445
"ILLINOIS"	7644000	7687000	7736000	7768000	7772000	7797000	7840000	7857000	7866000	7890000	7905000	7995000	8057000	7761000	7719000	7601000	8155000	8341000	8552000	8670000	8738000	8790000	8956000	9065000	9252000	9435000	9530000	9668000	9886000	9986000	10086000	10130000	10280000	10402000	10580000	10693000	10836000	10947000	10995000	11039000	11110285	11202397	11251948	11251367	11262145	11291743	11342853	11386316	11412561	11396837	11426518	11443458	11423412	11408818	11412132	11399806	11387257	11391178	11390183	11409782	5557798	5616388	5674547	5739019	5793526	5851459	5906013	5955267	5998880	6044969	6091866	6127760
"INDIANA"	3242000	3257000	3281000	3304000	3319000	3332000	3348000	3374000	3386000	3403000	3433000	3483000	3507000	3449000	3440000	3427000	3702000	3779000	3877000	3958000	3967000	4096000	4148000	4182000	4264000	4363000	4458000	4529000	4583000	4613000	4674000	4730000	4736000	4799000	4856000	4922000	4999000	5053000	5093000	5143000	5195392	5253396	5302435	5338277	5361890	5365766	5389088	5425638	5470214	5501174	5490224	5480435	5467922	5450395	5458322	5459211	5454108	5473012	5491735	5523693	2781018	2797613	2818401	2836972	2850746	2867373	2880000	2891119	2902872	2917634	2929067	2931997
"IOWA"	2475000	2482000	2489000	2495000	2510000	2524000	2509000	2498000	2494000	2520000	2537000	2491000	2439000	2334000	2301000	2308000	2467000	2509000	2543000	2578000	2625000	2617000	2626000	2629000	2626000	2679000	2703000	2716000	2708000	2729000	2756000	2756000	2750000	2747000	2746000	2742000	2762000	2793000	2803000	2805000	2825368	2851705	2860287	2863715	2867530	2880847	2903082	2913573	2918069	2915739	2913808	2907983	2888189	2870543	2858618	2829684	2791970	2767011	2768388	2770592	1012384	1041316	1071685	1108768	1145140	1177322	1203083	1228520	1252330	1275674	1299430	1319962
"KANSAS"	1883000	1881000	1883000	1877000	1868000	1872000	1869000	1856000	1842000	1824000	1788000	1765000	1760000	1796000	1779000	1731000	1805000	1853000	1892000	1925000	1916000	1950000	1977000	1994000	2042000	2093000	2119000	2128000	2142000	2160000	2183000	2215000	2231000	2217000	2209000	2206000	2200000	2197000	2216000	2236000	2249071	2246600	2256375	2265603	2269499	2280578	2301001	2320647	2335657	2350906	2363679	2384849	2401202	2415531	2424086	2427405	2432619	2445367	2461996	2472849	2481349	2498722	2532394	2556547	2580513	2601007	2614554	2635292	2660598	2678338	2693681	2702162
"KENTUCKY"	2623000	2652000	2676000	2698000	2722000	2748000	2768000	2784000	2800000	2825000	2859000	2824000	2797000	2693000	2631000	2597000	2761000	2803000	2817000	2849000	2936000	2941000	2920000	2903000	2902000	2910000	2898000	2928000	2961000	2999000	3041000	3054000	3079000	3096000	3129000	3140000	3147000	3172000	3195000	3198000	3220711	3298053	3335728	3371024	3416315	3467769	3529257	3573693	3609976	3641804	3660777	3670394	3683445	3694484	3695453	3694826	3687809	3683329	3679999	3677306	3694048	3722328	3765469	3812206	3849088	3887427	3919535	3952747	3985390	4018053	4049021	4068132
"LOUISIANA"	2105000	2124000	2155000	2178000	2202000	2228000	2246000	2257000	2285000	2334000	2370000	2484000	2546000	2565000	2508000	2429000	2556000	2579000	2596000	2634000	2697000	2769000	2842000	2866000	2883000	2946000	3032000	3115000	3155000	3208000	3260000	3287000	3345000	3377000	3446000	3496000	3550000	3581000	3603000	3619000	3644637	3710487	3761646	3788375	3820109	3886104	3950605	4014459	4068579	4137665	4205900	4283303	4352608	4395316	4400477	4408118	4406919	4344148	4288863	4252894	4221532	4253279	4293003	4316428	4347481	4378779	4398877	4421071	4440344	4460811	4471885	4477875
"MAINE"	8e+05	807000	815000	821000	829000	836000	840000	842000	843000	846000	849000	852000	839000	806000	801000	8e+05	832000	854000	878000	903000	917000	916000	915000	913000	927000	934000	938000	943000	944000	957000	975000	995000	994000	993000	993000	997000	999000	1004000	994000	992000	993722	1015390	1034292	1045655	1059040	1071995	1088412	1103578	1113566	1122563	1124660	1133033	1136684	1144772	1155635	1162936	1170126	1184574	1203840	1219961	6022639	6018470	6028709	6060569	6095241	6141445	6179756	6226058	6271838	6317345	6361104	6397634
"MARYLAND"	1636000	1657000	1678000	1694000	1710000	1729000	1745000	1754000	1766000	1793000	1839000	1913000	1998000	2089000	2118000	2096000	2214000	2248000	2271000	2329000	2355000	2441000	2500000	2567000	2685000	2742000	2811000	2873000	2982000	3066000	3113000	3176000	3263000	3386000	3492000	3600000	3695000	3757000	3815000	3868000	3923897	4018324	4073499	4097974	4118815	4139096	4150539	4169595	4183603	4191160	4216975	4261905	4282923	4313327	4365243	4413071	4486957	4565557	4657904	4727301	4799770	4867641	4923368	4971889	5023060	5070033	5111986	5157328	5204464	5254509	5311034	5374691
"MASSACHUSETTS"	4250000	4248000	4259000	4282000	4305000	4343000	4355000	4358000	4365000	4347000	4318000	4389000	4370000	4257000	4192000	4201000	4494000	4580000	4674000	4741000	4686000	4654000	4650000	4806000	4910000	4882000	4891000	4929000	5010000	5117000	5160000	5219000	5263000	5344000	5448000	5502000	5535000	5594000	5618000	5650000	5689170	5737580	5760302	5781172	5773548	5757756	5743672	5738199	5736469	5738404	5737037	5768685	5771222	5799407	5840773	5880733	5902678	5935204	5979982	6015478	1231719	1237081	1238508	1242302	1242662	1243480	1249060	1254774	1259127	1266808	1277072	1285692
"MICHIGAN"	4834000	4798000	4780000	4780000	4798000	4838000	4889000	4968000	5056000	5156000	5315000	5472000	5549000	5405000	5467000	5475000	5874000	6076000	6213000	6332000	6407000	6497000	6650000	6822000	7066000	7285000	7467000	7569000	7667000	7767000	7834000	7893000	7933000	8058000	8187000	8357000	8512000	8630000	8696000	8781000	8881826	8974186	9028944	9077956	9117507	9117668	9129205	9171110	9217761	9266268	9262078	9209287	9115198	9047754	9049452	9076293	9127775	9187481	9217998	9253295	9311319	9400446	9479065	9540114	9597737	9676211	9758645	9809051	9847942	9897116	9952450	9991120
"MINNESOTA"	2576000	2614000	2646000	2673000	2695000	2717000	2734000	2746000	2753000	2771000	2790000	2718000	2662000	2577000	2526000	2537000	2734000	2796000	2868000	2935000	2997000	3010000	3030000	3050000	3113000	3172000	3240000	3274000	3313000	3366000	3425000	3470000	3513000	3531000	3558000	3592000	3617000	3659000	3703000	3758000	3806103	3853486	3869747	3889332	3903925	3932515	3964680	3989364	4015341	4050316	4075970	4111728	4131450	4141456	4157706	4184302	4205212	4235136	4296166	4338057	4389857	4440859	4495572	4555954	4610355	4660180	4712827	4763390	4813412	4873481	4933692	4982796
"MISSISSIPPI"	2006000	1994000	2004000	2031000	2050000	2061000	2072000	2086000	2127000	2168000	2176000	2184000	2210000	2280000	2167000	2090000	2064000	2107000	2076000	2085000	2176000	2163000	2152000	2105000	2064000	2060000	2086000	2088000	2086000	2138000	2182000	2206000	2243000	2244000	2241000	2246000	2245000	2228000	2219000	2220000	2216994	2265432	2307117	2349546	2378268	2399449	2429756	2459201	2487816	2507069	2520638	2539036	2556777	2567717	2578051	2588102	2593597	2588545	2580352	2574269	5128880	5170800	5217101	5271175	5324497	5378247	5431553	5481193	5521765	5561948	5607285	5641142
"MISSOURI"	3646000	3711000	3746000	3773000	3784000	3798000	3801000	3794000	3781000	3783000	3786000	3811000	3829000	3705000	3560000	3516000	3746000	3845000	3844000	3882000	3964000	4015000	3972000	4020000	4066000	4134000	4163000	4189000	4186000	4258000	4326000	4349000	4357000	4392000	4442000	4467000	4523000	4539000	4568000	4640000	4677623	4725764	4758780	4782645	4795930	4808308	4839029	4863173	4889399	4912430	4916686	4932064	4929451	4943733	4975278	5000268	5023068	5056696	5081736	5095830	2578897	2598733	2623734	2655100	2688992	2722659	2748085	2777004	2804834	2828408	2848353	2852994
"MONTANA"	539000	540000	540000	541000	545000	550000	554000	554000	552000	555000	558000	543000	518000	485000	469000	477000	514000	531000	542000	569000	593000	596000	602000	616000	624000	636000	656000	667000	666000	669000	679000	696000	698000	703000	706000	706000	707000	701000	7e+05	694000	694409	710814	718732	726798	736419	748208	757317	769953	782317	787305	786690	795328	803986	814031	820905	822320	813739	805063	800202	799636	800204	809680	825770	844761	861306	876553	886254	889865	892431	897507	903773	906961
"NEBRASKA"	1380000	1384000	1386000	1385000	1382000	1375000	1358000	1339000	1326000	1318000	1316000	1272000	1239000	1241000	1216000	1211000	1256000	1265000	1265000	1302000	1327000	1316000	1311000	1318000	1340000	1374000	1397000	1394000	1383000	1397000	1417000	1446000	1464000	1476000	1482000	1471000	1456000	1457000	1467000	1474000	1485333	1504604	1519013	1529567	1539191	1543117	1550911	1556842	1563884	1567344	1569825	1578515	1581780	1584293	1588639	1584664	1574333	1566547	1571477	1574864	1112384	1109929	1117784	1129458	1142560	1157561	1174719	1189425	1205940	1222014	1239882	1255517
"NEVADA"	92000	94000	96000	96000	98000	1e+05	101000	103000	105000	107000	113000	120000	137000	151000	153000	149000	143000	149000	156000	157000	162000	168000	181000	195000	213000	237000	250000	260000	269000	279000	291000	315000	352000	397000	426000	444000	446000	449000	464000	480000	488738	520018	546789	568991	596822	619972	646975	678333	719436	765367	800493	847655	881537	901977	924922	951030	980613	1023376	1075022	1137382	6664016	6784280	6897214	7042818	7187398	7344674	7500670	7656825	7809121	7949361	8081614	8210122
"NEW HAMPSHIRE"	466000	470000	474000	477000	480000	481000	481000	481000	485000	490000	492000	490000	481000	462000	456000	459000	494000	507000	520000	533000	532000	529000	535000	547000	554000	557000	566000	572000	581000	596000	609000	618000	632000	649000	663000	676000	681000	697000	709000	724000	737681	761851	781107	800951	815914	828555	845248	869763	891520	909074	920610	936621	947719	958134	976864	996753	1025053	1054289	1082577	1104522	7762963	7814676	7880508	7948915	8014306	8083242	8149596	8218808	8287418	8359592	8430621	8492671
"NEW JERSEY"	4068000	4120000	4120000	4107000	4089000	4085000	4084000	4088000	4100000	4129000	4175000	4254000	4297000	4226000	4158000	4108000	4492000	4618000	4774000	4889000	4872000	5006000	5125000	5229000	5360000	5502000	5615000	5737000	5890000	6015000	6103000	6265000	6376000	6531000	6660000	6767000	6851000	6928000	7005000	7095000	7171112	7281107	7335042	7333083	7332411	7337765	7339745	7337169	7350804	7366512	7364823	7407472	7430968	7467785	7515473	7565528	7622159	7670742	7712333	7726089	1521574	1555305	1595442	1636453	1682398	1720394	1752326	1774839	1793484	1808082	1821204	1831690
"NEW MEXICO"	427000	436000	441000	449000	461000	475000	489000	503000	513000	523000	531000	506000	502000	534000	527000	537000	561000	582000	604000	644000	689000	717000	735000	756000	763000	785000	806000	847000	886000	919000	954000	965000	979000	989000	1006000	1012000	1007000	1e+06	994000	1011000	1017055	1053737	1078697	1105529	1131309	1159944	1189295	1215720	1238034	1284722	1302894	1332748	1363823	1394361	1416717	1438361	1462729	1478520	1490337	1503901	18020784	18122510	18246653	18374954	18459470	18524104	18588460	18656546	18755906	18882725	19001780	19082838
"NEW YORK"	12647000	12848000	13001000	13126000	13253000	13375000	13481000	13511000	13512000	13523000	13456000	13267000	13002000	12807000	12628000	12495000	13398000	13982000	14497000	14892000	14865000	14890000	15192000	15527000	15814000	15966000	16112000	16374000	16601000	16685000	16838000	17061000	17301000	17461000	17589000	17734000	17843000	17935000	18051000	18105000	18241391	18357982	18339400	18177063	18049775	18003485	17940541	17812602	17680589	17583838	17558072	17567734	17589738	17686905	17745684	17791672	17833419	17868848	17941309	17983086	637685	635753	638223	641216	644804	647832	650382	649716	647532	644259	642023	639062
"NORTH CAROLINA"	3167000	3184000	3227000	3268000	3304000	3323000	3346000	3385000	3440000	3514000	3574000	3589000	3569000	3654000	3560000	3533000	3706000	3769000	3837000	3911000	4068000	4120000	4109000	4120000	4131000	4242000	4309000	4368000	4376000	4458000	4573000	4663000	4707000	4742000	4802000	4863000	4896000	4952000	5004000	5031000	5084411	5203531	5301150	5389852	5470911	5547188	5607964	5685607	5759492	5823491	5881766	5956653	6019101	6077056	6164006	6253954	6321578	6403700	6480594	6565459	1581660	1595919	1611687	1625590	1639041	1656992	1673740	1686418	1695816	1704764	1713820	1719836
"NORTH DAKOTA"	682000	680000	676000	674000	672000	670000	664000	655000	647000	644000	640000	615000	583000	546000	534000	546000	570000	578000	580000	597000	619000	604000	608000	609000	611000	615000	613000	612000	606000	618000	634000	641000	637000	644000	649000	649000	647000	626000	621000	621000	617792	626760	631119	632675	634559	638886	645797	649769	651301	652896	652717	659505	668972	676688	680497	676980	669512	661136	655331	646351	1220695	1296171	1351367	1411215	1499298	1581578	1666320	1764104	1853191	1934718	2018741	2098399
"OHIO"	6662000	6694000	6717000	6740000	6751000	6787000	6801000	6809000	6837000	6886000	6929000	6958000	6969000	6868000	6918000	6916000	7512000	7705000	7876000	7973000	7980000	8061000	8275000	8591000	8873000	9017000	9207000	9410000	9599000	9671000	9734000	9854000	9929000	9986000	10080000	10201000	10330000	10414000	10516000	10563000	10657423	10734818	10746993	10767314	10765759	10770425	10752662	10771394	10795581	10798298	10797630	10788330	10757087	10737632	10737746	10734926	10730268	10760090	10798552	10829217	10864162	10945762	11029431	11101140	11152454	11202751	11242827	11277357	11311536	11335454	11363543	11387404
"OKLAHOMA"	2401000	2403000	2394000	2392000	2391000	2386000	2365000	2334000	2324000	2333000	2325000	2262000	2215000	2205000	2043000	2028000	2128000	2133000	2089000	2105000	2229000	2210000	2219000	2182000	2209000	2250000	2273000	2282000	2267000	2289000	2336000	2380000	2427000	2439000	2446000	2440000	2454000	2489000	2503000	2535000	2559463	2618601	2658646	2695931	2734768	2774683	2826815	2870014	2917336	2975310	3025290	3096164	3206123	3290402	3285533	3271332	3252735	3210122	3167057	3150307	3148825	3175440	3220517	3252285	3280940	3308208	3340129	3372917	3405194	3437147	3454365	3467100
"OREGON"	956000	966000	972000	978000	985000	1001000	1025000	1048000	1067000	1081000	1086000	1071000	1107000	1221000	1233000	1250000	1338000	1361000	1405000	1431000	1532000	1556000	1582000	1601000	1626000	1659000	1698000	1712000	1718000	1746000	1772000	1787000	1818000	1853000	1888000	1937000	1969000	1979000	2004000	2062000	2091533	2151022	2197297	2241932	2285013	2329661	2378262	2446673	2518298	2588012	2633105	2667982	2664922	2653066	2666588	2672652	2683528	2700991	2741297	2790575	2860375	2928507	2991755	3060367	3121264	3184369	3247111	3304310	3352449	3393941	3429708	3467937
"PENNSYLVANIA"	9649000	9707000	9764000	9784000	9795000	9774000	9767000	9790000	9952000	9901000	9896000	9911000	9704000	9444000	9214000	9143000	9866000	10196000	10287000	10390000	10507000	10461000	10503000	10662000	10817000	10939000	10972000	10954000	11058000	11234000	11329000	11392000	11355000	11424000	11519000	11620000	11664000	11681000	11741000	11741000	11800766	11886400	11908233	11890527	11870884	11906095	11897378	11893591	11879396	11887975	11863895	11858567	11845146	11837723	11815172	11770862	11782752	11810866	11845752	11865996	11903299	11982164	12049450	12119724	12166050	12198403	12220464	12227814	12245672	12263805	12284173	12298970
"RHODE ISLAND"	686000	681000	677000	675000	675000	678000	686000	694000	694000	701000	719000	731000	748000	760000	795000	776000	770000	776000	787000	801000	786000	784000	802000	815000	816000	823000	840000	851000	858000	857000	855000	858000	871000	876000	885000	893000	899000	909000	922000	932000	949723	963107	974790	975738	950615	942788	946089	950230	951816	950382	947154	953013	954170	956382	961894	968955	977341	989604	996408	1000666	1005995	1010649	1012581	1015112	1015960	1017002	1020893	1025353	1031155	1040402	1050268	1057142
"SOUTH CAROLINA"	1745000	1753000	1748000	1752000	1760000	1769000	1781000	1802000	1834000	1872000	1902000	1962000	2007000	1967000	1943000	1934000	1936000	1992000	1996000	2029000	2113000	2167000	2178000	2181000	2176000	2200000	2229000	2274000	2304000	2348000	2392000	2409000	2423000	2460000	2475000	2494000	2520000	2533000	2559000	2570000	2590713	2662269	2719197	2776605	2844749	2902028	2943657	2991681	3044364	3090267	3121820	3179255	3207614	3234066	3271868	3303209	3342758	3380506	3412096	3456775	3501155	3570404	3620464	3663314	3705397	3748582	3796200	3859696	3919235	3974682	4024223	4064995
"SOUTH DAKOTA"	693000	694000	692000	690000	682000	674000	666000	656000	649000	645000	641000	613000	589000	587000	565000	579000	588000	601000	612000	631000	655000	655000	651000	648000	655000	663000	670000	666000	656000	667000	683000	693000	705000	708000	701000	692000	683000	671000	669000	668000	666257	671297	677234	678715	679585	681042	686390	688480	688580	688335	690768	689584	690597	693008	697249	698402	696034	696036	698165	696701	697101	703669	712801	722159	730790	737925	742213	744223	746058	750412	755844	757972
"TENNESSEE"	2619000	2657000	2711000	2747000	2784000	2798000	2791000	2795000	2821000	2874000	2935000	2973000	2939000	2972000	2868000	2878000	3074000	3166000	3216000	3236000	3315000	3372000	3352000	3319000	3359000	3415000	3415000	3434000	3471000	3522000	3575000	3622000	3673000	3718000	3771000	3798000	3822000	3859000	3878000	3897000	3926018	4013608	4094611	4147401	4213509	4275566	4346928	4422921	4486314	4560473	4591120	4627658	4646041	4659749	4686737	4715296	4738708	4782927	4822437	4854444	4894492	4966587	5049742	5137584	5231438	5326936	5416643	5499233	5570045	5638706	5703719	5750789
"TEXAS"	5844000	5907000	5961000	6014000	6053000	6123000	6192000	6250000	6301000	6360000	6425000	6585000	6711000	7012000	6876000	6826000	7197000	7388000	7626000	7623000	7776000	8111000	8314000	8336000	8382000	8660000	8830000	9070000	9252000	9405000	9624000	9820000	10053000	10159000	10270000	10378000	10492000	10599000	10819000	11045000	11198655	11509848	11759148	12019543	12268629	12568843	12904089	13193050	13500429	13888371	14229191	14746318	15331415	15751676	16007086	16272734	16561113	16621791	16667022	16806735	17056755	17398005	17759738	18161612	18564062	18958751	19340342	19740317	20157531	20558220	20944499	21319622
"UTAH"	509000	513000	517000	520000	522000	526000	527000	529000	535000	543000	552000	551000	575000	631000	605000	591000	638000	636000	653000	671000	696000	706000	724000	739000	750000	783000	809000	826000	845000	870000	9e+05	936000	958000	974000	978000	994000	1009000	1019000	1029000	1047000	1059273	1101192	1135449	1170040	1200471	1236030	1274928	1319512	1367510	1420238	1461037	1515471	1558314	1594943	1622342	1642910	1662834	1678119	1689372	1705864	1731223	1779780	1836799	1898404	1960446	2014177	2067976	2119784	2165960	2203482	2244502	2283715
"VERMONT"	360000	359000	358000	357000	357000	357000	357000	356000	356000	358000	363000	348000	343000	327000	314000	315000	342000	354000	359000	369000	379000	378000	375000	379000	377000	375000	377000	376000	380000	387000	389000	390000	393000	397000	399000	404000	413000	423000	430000	437000	444732	454318	463143	468430	473002	479713	484928	491931	498109	505372	511456	515594	519109	523302	526660	530035	534066	540267	549763	557707	6216884	6301217	6414307	6509630	6593139	6670693	6750884	6829183	6900918	7000174	7105817	7198362
"VIRGINIA"	2427000	2445000	2452000	2460000	2485000	2520000	2552000	2590000	2638000	2670000	2720000	2855000	3038000	3130000	3248000	3193000	3212000	3201000	3207000	3292000	3315000	3434000	3504000	3557000	3555000	3588000	3722000	3844000	3914000	3951000	3986000	4095000	4180000	4276000	4357000	4411000	4456000	4508000	4558000	4614000	4651448	4750838	4824472	4901292	4971069	5047395	5121863	5193112	5270240	5307945	5346818	5444097	5492783	5564657	5643870	5715153	5811700	5932268	6036909	6120246	564798	568606	572751	577748	583836	589002	593701	597239	600416	604683	609618	612223
"WASHINGTON"	1568000	1581000	1584000	1592000	1610000	1629000	1653000	1681000	1698000	1715000	1740000	1789000	1901000	2027000	2092000	2206000	2288000	2211000	2255000	2294000	2387000	2424000	2448000	2466000	2516000	2604000	2668000	2724000	2773000	2821000	2855000	2882000	2942000	2955000	2961000	2967000	3057000	3174000	3270000	3343000	3413244	3447553	3447885	3478782	3549946	3621339	3693610	3776050	3889073	4017632	4132156	4235731	4276552	4300266	4343656	4400098	4452720	4531901	4639893	4746316	4903043	5025624	5160757	5278842	5375161	5481027	5569753	5674747	5769562	5842564	5910512	5985722
"WEST VIRGINIA"	1733000	1740000	1747000	1752000	1771000	1794000	1808000	1813000	1828000	1868000	1907000	1885000	1831000	1741000	1706000	1708000	1826000	1883000	1899000	1930000	2006000	1984000	1957000	1929000	1905000	1880000	1857000	1843000	1845000	1855000	1853000	1828000	1809000	1796000	1797000	1786000	1775000	1769000	1763000	1746000	1744237	1770657	1797648	1806360	1815447	1842250	1879503	1908088	1923395	1942146	1949644	1954124	1949604	1945061	1927697	1906831	1882350	1857585	1830215	1806568	4904562	4964343	5025398	5084889	5133678	5184836	5229986	5266213	5297672	5332666	5373999	5406835
"WISCONSIN"	2950000	2990000	3021000	3040000	3054000	3070000	3082000	3088000	3098000	3121000	3143000	3140000	3053000	3014000	2980000	2961000	3167000	3250000	3314000	3391000	3438000	3439000	3469000	3506000	3608000	3679000	3742000	3791000	3843000	3891000	3962000	4009000	4049000	4112000	4165000	4232000	4274000	4303000	4345000	4378000	4417821	4462155	4502412	4524244	4545782	4578986	4595904	4626514	4646108	4682811	4705767	4726343	4728870	4721438	4735563	4747767	4755618	4777919	4822388	4856574	1792548	1798735	1806451	1817539	1820421	1823700	1822808	1819113	1815609	1811799	1807021	1801481
"WYOMING"	226000	229000	230000	230000	233000	237000	240000	243000	246000	248000	250000	247000	251000	247000	242000	239000	254000	258000	269000	277000	290000	291000	293000	290000	293000	307000	312000	314000	315000	320000	331000	337000	333000	336000	339000	332000	323000	322000	324000	329000	332416	340285	347345	354061	365501	381695	396952	413354	432880	454378	469557	491712	506400	510345	504896	499695	495633	476965	465101	458374	453690	459260	466251	473081	480283	485160	488167	489451	490787	491780	494300	494657
